1_0_array_0 1_0_array_1 1_0_array_2 
650 650 650 650 650 650 650 650 650 650 650 650 650 650 650 650
650 650 650 650 650 650 650 650 650 650 650 650 650 650 650 650
650 650 650 650 650 650 650 650 650 650 650 650 650 650 650 650
650 650 650 650 650 650 650 650 650 650 650 650 650 650 650 650
650 650 650 650 650 650 650 650 650 650 650 650 650 650 650 650
650 650 650 650 650 650 650 650 650 650 650 650 650 650 650 650
650 650 650 650 650 650 650 650 650 650 650 650 650 650 650 650
650 650 650 650 650 650 650 650 650 650 650 650 650 650 650 650
650 650 650 650 650 650 650 650 650 650 650 650 650 650 650 650
650 650 650 650 650 650 650 650 650 650 650 650 650 650 650 650
652 652 652 652 652 652 652 652 652 652 652 652 652 652 652 652
652 652 652 652 652 652 652 652 652 652 652 652 652 652 652 652
652 652 652 652 652 652 652 652 652 652 652 652 652 652 652 652
652 652 652 652 652 652 652 652 652 652 652 652 652 652 652 652
652 652 652 652 652 652 652 652 652 652 652 652 652 652 652 652
652 652 652 652 652 652 652 652 652 652 652 652 652 652 652 652
652 652 652 652 652 652 652 652 652 652 652 652 652 652 652 652
652 652 652 652 652 652 652 652 652 652 652 652 652 652 652 652
652 652 652 652 652 652 652 652 652 652 652 652 652 652 652 652
652 652 652 652 652 652 652 652 652 652 652 652 652 652 652 652
654 654 654 654 654 654 654 654 654 654 654 654 654 654 654 654
654 654 654 654 654 654 654 654 654 654 654 654 654 654 654 654
654 654 654 654 654 654 654 654 654 654 654 654 654 654 654 654
654 654 654 654 654 654 654 654 654 654 654 654 654 654 654 654
654 654 654 654 654 654 654 654 654 654 654 654 654 654 654 654
654 654 654 654 654 654 654 654 654 654 654 654 654 654 654 654
654 654 654 654 654 654 654 654 654 654 654 654 654 654 654 654
654 654 654 654 654 654 654 654 654 654 654 654 654 654 654 654
654 654 654 654 654 654 654 654 654 654 654 654 654 654 654 654
654 654 654 654 654 654 654 654 654 654 654 654 654 654 654 654
