1_0_array_0 1_0_array_1 1_0_array_2 
-650 -650 -650 -650 -650 -650 -650 -650 -650 -650 -650 -650 -650 -650 -650 -650
-650 -650 -650 -650 -650 -650 -650 -650 -650 -650 -650 -650 -650 -650 -650 -650
-650 -650 -650 -650 -650 -650 -650 -650 -650 -650 -650 -650 -650 -650 -650 -650
-650 -650 -650 -650 -650 -650 -650 -650 -650 -650 -650 -650 -650 -650 -650 -650
-650 -650 -650 -650 -650 -650 -650 -650 -650 -650 -650 -650 -650 -650 -650 -650
-650 -650 -650 -650 -650 -650 -650 -650 -650 -650 -650 -650 -650 -650 -650 -650
-650 -650 -650 -650 -650 -650 -650 -650 -650 -650 -650 -650 -650 -650 -650 -650
-650 -650 -650 -650 -650 -650 -650 -650 -650 -650 -650 -650 -650 -650 -650 -650
-650 -650 -650 -650 -650 -650 -650 -650 -650 -650 -650 -650 -650 -650 -650 -650
-650 -650 -650 -650 -650 -650 -650 -650 -650 -650 -650 -650 -650 -650 -650 -650
-648 -648 -648 -648 -648 -648 -648 -648 -648 -648 -648 -648 -648 -648 -648 -648
-648 -648 -648 -648 -648 -648 -648 -648 -648 -648 -648 -648 -648 -648 -648 -648
-648 -648 -648 -648 -648 -648 -648 -648 -648 -648 -648 -648 -648 -648 -648 -648
-648 -648 -648 -648 -648 -648 -648 -648 -648 -648 -648 -648 -648 -648 -648 -648
-648 -648 -648 -648 -648 -648 -648 -648 -648 -648 -648 -648 -648 -648 -648 -648
-648 -648 -648 -648 -648 -648 -648 -648 -648 -648 -648 -648 -648 -648 -648 -648
-648 -648 -648 -648 -648 -648 -648 -648 -648 -648 -648 -648 -648 -648 -648 -648
-648 -648 -648 -648 -648 -648 -648 -648 -648 -648 -648 -648 -648 -648 -648 -648
-648 -648 -648 -648 -648 -648 -648 -648 -648 -648 -648 -648 -648 -648 -648 -648
-648 -648 -648 -648 -648 -648 -648 -648 -648 -648 -648 -648 -648 -648 -648 -648
-646 -646 -646 -646 -646 -646 -646 -646 -646 -646 -646 -646 -646 -646 -646 -646
-646 -646 -646 -646 -646 -646 -646 -646 -646 -646 -646 -646 -646 -646 -646 -646
-646 -646 -646 -646 -646 -646 -646 -646 -646 -646 -646 -646 -646 -646 -646 -646
-646 -646 -646 -646 -646 -646 -646 -646 -646 -646 -646 -646 -646 -646 -646 -646
-646 -646 -646 -646 -646 -646 -646 -646 -646 -646 -646 -646 -646 -646 -646 -646
-646 -646 -646 -646 -646 -646 -646 -646 -646 -646 -646 -646 -646 -646 -646 -646
-646 -646 -646 -646 -646 -646 -646 -646 -646 -646 -646 -646 -646 -646 -646 -646
-646 -646 -646 -646 -646 -646 -646 -646 -646 -646 -646 -646 -646 -646 -646 -646
-646 -646 -646 -646 -646 -646 -646 -646 -646 -646 -646 -646 -646 -646 -646 -646
-646 -646 -646 -646 -646 -646 -646 -646 -646 -646 -646 -646 -646 -646 -646 -646
