1_0_array_0 1_0_array_1 1_0_array_2 
65.000001 65.000001 65.000001 65.000001 65.000001 65.000001 65.000001 65.000001 65.000001 65.000001 65.000001 65.000001 65.000001 65.000001 65.000001 65.000001
65.000001 65.000001 65.000001 65.000001 65.000001 65.000001 65.000001 65.000001 65.000001 65.000001 65.000001 65.000001 65.000001 65.000001 65.000001 65.000001
65.000001 65.000001 65.000001 65.000001 65.000001 65.000001 65.000001 65.000001 65.000001 65.000001 65.000001 65.000001 65.000001 65.000001 65.000001 65.000001
65.000001 65.000001 65.000001 65.000001 65.000001 65.000001 65.000001 65.000001 65.000001 65.000001 65.000001 65.000001 65.000001 65.000001 65.000001 65.000001
65.000001 65.000001 65.000001 65.000001 65.000001 65.000001 65.000001 65.000001 65.000001 65.000001 65.000001 65.000001 65.000001 65.000001 65.000001 65.000001
65.000001 65.000001 65.000001 65.000001 65.000001 65.000001 65.000001 65.000001 65.000001 65.000001 65.000001 65.000001 65.000001 65.000001 65.000001 65.000001
65.000001 65.000001 65.000001 65.000001 65.000001 65.000001 65.000001 65.000001 65.000001 65.000001 65.000001 65.000001 65.000001 65.000001 65.000001 65.000001
65.000001 65.000001 65.000001 65.000001 65.000001 65.000001 65.000001 65.000001 65.000001 65.000001 65.000001 65.000001 65.000001 65.000001 65.000001 65.000001
65.000001 65.000001 65.000001 65.000001 65.000001 65.000001 65.000001 65.000001 65.000001 65.000001 65.000001 65.000001 65.000001 65.000001 65.000001 65.000001
65.000001 65.000001 65.000001 65.000001 65.000001 65.000001 65.000001 65.000001 65.000001 65.000001 65.000001 65.000001 65.000001 65.000001 65.000001 65.000001
67.000001 67.000001 67.000001 67.000001 67.000001 67.000001 67.000001 67.000001 67.000001 67.000001 67.000001 67.000001 67.000001 67.000001 67.000001 67.000001
67.000001 67.000001 67.000001 67.000001 67.000001 67.000001 67.000001 67.000001 67.000001 67.000001 67.000001 67.000001 67.000001 67.000001 67.000001 67.000001
67.000001 67.000001 67.000001 67.000001 67.000001 67.000001 67.000001 67.000001 67.000001 67.000001 67.000001 67.000001 67.000001 67.000001 67.000001 67.000001
67.000001 67.000001 67.000001 67.000001 67.000001 67.000001 67.000001 67.000001 67.000001 67.000001 67.000001 67.000001 67.000001 67.000001 67.000001 67.000001
67.000001 67.000001 67.000001 67.000001 67.000001 67.000001 67.000001 67.000001 67.000001 67.000001 67.000001 67.000001 67.000001 67.000001 67.000001 67.000001
67.000001 67.000001 67.000001 67.000001 67.000001 67.000001 67.000001 67.000001 67.000001 67.000001 67.000001 67.000001 67.000001 67.000001 67.000001 67.000001
67.000001 67.000001 67.000001 67.000001 67.000001 67.000001 67.000001 67.000001 67.000001 67.000001 67.000001 67.000001 67.000001 67.000001 67.000001 67.000001
67.000001 67.000001 67.000001 67.000001 67.000001 67.000001 67.000001 67.000001 67.000001 67.000001 67.000001 67.000001 67.000001 67.000001 67.000001 67.000001
67.000001 67.000001 67.000001 67.000001 67.000001 67.000001 67.000001 67.000001 67.000001 67.000001 67.000001 67.000001 67.000001 67.000001 67.000001 67.000001
67.000001 67.000001 67.000001 67.000001 67.000001 67.000001 67.000001 67.000001 67.000001 67.000001 67.000001 67.000001 67.000001 67.000001 67.000001 67.000001
69.000001 69.000001 69.000001 69.000001 69.000001 69.000001 69.000001 69.000001 69.000001 69.000001 69.000001 69.000001 69.000001 69.000001 69.000001 69.000001
69.000001 69.000001 69.000001 69.000001 69.000001 69.000001 69.000001 69.000001 69.000001 69.000001 69.000001 69.000001 69.000001 69.000001 69.000001 69.000001
69.000001 69.000001 69.000001 69.000001 69.000001 69.000001 69.000001 69.000001 69.000001 69.000001 69.000001 69.000001 69.000001 69.000001 69.000001 69.000001
69.000001 69.000001 69.000001 69.000001 69.000001 69.000001 69.000001 69.000001 69.000001 69.000001 69.000001 69.000001 69.000001 69.000001 69.000001 69.000001
69.000001 69.000001 69.000001 69.000001 69.000001 69.000001 69.000001 69.000001 69.000001 69.000001 69.000001 69.000001 69.000001 69.000001 69.000001 69.000001
69.000001 69.000001 69.000001 69.000001 69.000001 69.000001 69.000001 69.000001 69.000001 69.000001 69.000001 69.000001 69.000001 69.000001 69.000001 69.000001
69.000001 69.000001 69.000001 69.000001 69.000001 69.000001 69.000001 69.000001 69.000001 69.000001 69.000001 69.000001 69.000001 69.000001 69.000001 69.000001
69.000001 69.000001 69.000001 69.000001 69.000001 69.000001 69.000001 69.000001 69.000001 69.000001 69.000001 69.000001 69.000001 69.000001 69.000001 69.000001
69.000001 69.000001 69.000001 69.000001 69.000001 69.000001 69.000001 69.000001 69.000001 69.000001 69.000001 69.000001 69.000001 69.000001 69.000001 69.000001
69.000001 69.000001 69.000001 69.000001 69.000001 69.000001 69.000001 69.000001 69.000001 69.000001 69.000001 69.000001 69.000001 69.000001 69.000001 69.000001
